{
 "cells": [
  {
   "cell_type": "code",
   "execution_count": 330,
   "id": "846f9bc2",
   "metadata": {},
   "outputs": [],
   "source": [
    "'''\n",
    "Curso : Analisis de Datos con Python\n",
    "Sesion : 3\n",
    "Tema  : Desarrollo de modelos\n",
    "Fecha : 10/01/2026\n",
    "'''\n",
    "\n",
    "import pandas as pd\n",
    "import numpy as np\n",
    "import matplotlib.pyplot as plt\n",
    "import seaborn as sns"
   ]
  },
  {
   "cell_type": "code",
   "execution_count": 331,
   "id": "cc801f71",
   "metadata": {},
   "outputs": [
    {
     "data": {
      "text/html": [
       "<div>\n",
       "<style scoped>\n",
       "    .dataframe tbody tr th:only-of-type {\n",
       "        vertical-align: middle;\n",
       "    }\n",
       "\n",
       "    .dataframe tbody tr th {\n",
       "        vertical-align: top;\n",
       "    }\n",
       "\n",
       "    .dataframe thead th {\n",
       "        text-align: right;\n",
       "    }\n",
       "</style>\n",
       "<table border=\"1\" class=\"dataframe\">\n",
       "  <thead>\n",
       "    <tr style=\"text-align: right;\">\n",
       "      <th></th>\n",
       "      <th>symboling</th>\n",
       "      <th>normalized-losses</th>\n",
       "      <th>make</th>\n",
       "      <th>aspiration</th>\n",
       "      <th>num-of-doors</th>\n",
       "      <th>body-style</th>\n",
       "      <th>drive-wheels</th>\n",
       "      <th>engine-location</th>\n",
       "      <th>wheel-base</th>\n",
       "      <th>length</th>\n",
       "      <th>...</th>\n",
       "      <th>compression-ratio</th>\n",
       "      <th>horsepower</th>\n",
       "      <th>peak-rpm</th>\n",
       "      <th>city-mpg</th>\n",
       "      <th>highway-mpg</th>\n",
       "      <th>price</th>\n",
       "      <th>city-L/100km</th>\n",
       "      <th>horsepower-binned</th>\n",
       "      <th>diesel</th>\n",
       "      <th>gas</th>\n",
       "    </tr>\n",
       "  </thead>\n",
       "  <tbody>\n",
       "    <tr>\n",
       "      <th>0</th>\n",
       "      <td>3</td>\n",
       "      <td>122</td>\n",
       "      <td>alfa-romero</td>\n",
       "      <td>std</td>\n",
       "      <td>two</td>\n",
       "      <td>convertible</td>\n",
       "      <td>rwd</td>\n",
       "      <td>front</td>\n",
       "      <td>88.6</td>\n",
       "      <td>0.811148</td>\n",
       "      <td>...</td>\n",
       "      <td>9.0</td>\n",
       "      <td>111.0</td>\n",
       "      <td>5000.0</td>\n",
       "      <td>21</td>\n",
       "      <td>27</td>\n",
       "      <td>13495.0</td>\n",
       "      <td>11.190476</td>\n",
       "      <td>Medium</td>\n",
       "      <td>0</td>\n",
       "      <td>1</td>\n",
       "    </tr>\n",
       "    <tr>\n",
       "      <th>1</th>\n",
       "      <td>3</td>\n",
       "      <td>122</td>\n",
       "      <td>alfa-romero</td>\n",
       "      <td>std</td>\n",
       "      <td>two</td>\n",
       "      <td>convertible</td>\n",
       "      <td>rwd</td>\n",
       "      <td>front</td>\n",
       "      <td>88.6</td>\n",
       "      <td>0.811148</td>\n",
       "      <td>...</td>\n",
       "      <td>9.0</td>\n",
       "      <td>111.0</td>\n",
       "      <td>5000.0</td>\n",
       "      <td>21</td>\n",
       "      <td>27</td>\n",
       "      <td>16500.0</td>\n",
       "      <td>11.190476</td>\n",
       "      <td>Medium</td>\n",
       "      <td>0</td>\n",
       "      <td>1</td>\n",
       "    </tr>\n",
       "    <tr>\n",
       "      <th>2</th>\n",
       "      <td>1</td>\n",
       "      <td>122</td>\n",
       "      <td>alfa-romero</td>\n",
       "      <td>std</td>\n",
       "      <td>two</td>\n",
       "      <td>hatchback</td>\n",
       "      <td>rwd</td>\n",
       "      <td>front</td>\n",
       "      <td>94.5</td>\n",
       "      <td>0.822681</td>\n",
       "      <td>...</td>\n",
       "      <td>9.0</td>\n",
       "      <td>154.0</td>\n",
       "      <td>5000.0</td>\n",
       "      <td>19</td>\n",
       "      <td>26</td>\n",
       "      <td>16500.0</td>\n",
       "      <td>12.368421</td>\n",
       "      <td>Medium</td>\n",
       "      <td>0</td>\n",
       "      <td>1</td>\n",
       "    </tr>\n",
       "    <tr>\n",
       "      <th>3</th>\n",
       "      <td>2</td>\n",
       "      <td>164</td>\n",
       "      <td>audi</td>\n",
       "      <td>std</td>\n",
       "      <td>four</td>\n",
       "      <td>sedan</td>\n",
       "      <td>fwd</td>\n",
       "      <td>front</td>\n",
       "      <td>99.8</td>\n",
       "      <td>0.848630</td>\n",
       "      <td>...</td>\n",
       "      <td>10.0</td>\n",
       "      <td>102.0</td>\n",
       "      <td>5500.0</td>\n",
       "      <td>24</td>\n",
       "      <td>30</td>\n",
       "      <td>13950.0</td>\n",
       "      <td>9.791667</td>\n",
       "      <td>Medium</td>\n",
       "      <td>0</td>\n",
       "      <td>1</td>\n",
       "    </tr>\n",
       "    <tr>\n",
       "      <th>4</th>\n",
       "      <td>2</td>\n",
       "      <td>164</td>\n",
       "      <td>audi</td>\n",
       "      <td>std</td>\n",
       "      <td>four</td>\n",
       "      <td>sedan</td>\n",
       "      <td>4wd</td>\n",
       "      <td>front</td>\n",
       "      <td>99.4</td>\n",
       "      <td>0.848630</td>\n",
       "      <td>...</td>\n",
       "      <td>8.0</td>\n",
       "      <td>115.0</td>\n",
       "      <td>5500.0</td>\n",
       "      <td>18</td>\n",
       "      <td>22</td>\n",
       "      <td>17450.0</td>\n",
       "      <td>13.055556</td>\n",
       "      <td>Medium</td>\n",
       "      <td>0</td>\n",
       "      <td>1</td>\n",
       "    </tr>\n",
       "  </tbody>\n",
       "</table>\n",
       "<p>5 rows × 29 columns</p>\n",
       "</div>"
      ],
      "text/plain": [
       "   symboling  normalized-losses         make aspiration num-of-doors  \\\n",
       "0          3                122  alfa-romero        std          two   \n",
       "1          3                122  alfa-romero        std          two   \n",
       "2          1                122  alfa-romero        std          two   \n",
       "3          2                164         audi        std         four   \n",
       "4          2                164         audi        std         four   \n",
       "\n",
       "    body-style drive-wheels engine-location  wheel-base    length  ...  \\\n",
       "0  convertible          rwd           front        88.6  0.811148  ...   \n",
       "1  convertible          rwd           front        88.6  0.811148  ...   \n",
       "2    hatchback          rwd           front        94.5  0.822681  ...   \n",
       "3        sedan          fwd           front        99.8  0.848630  ...   \n",
       "4        sedan          4wd           front        99.4  0.848630  ...   \n",
       "\n",
       "   compression-ratio  horsepower  peak-rpm city-mpg highway-mpg    price  \\\n",
       "0                9.0       111.0    5000.0       21          27  13495.0   \n",
       "1                9.0       111.0    5000.0       21          27  16500.0   \n",
       "2                9.0       154.0    5000.0       19          26  16500.0   \n",
       "3               10.0       102.0    5500.0       24          30  13950.0   \n",
       "4                8.0       115.0    5500.0       18          22  17450.0   \n",
       "\n",
       "  city-L/100km  horsepower-binned  diesel  gas  \n",
       "0    11.190476             Medium       0    1  \n",
       "1    11.190476             Medium       0    1  \n",
       "2    12.368421             Medium       0    1  \n",
       "3     9.791667             Medium       0    1  \n",
       "4    13.055556             Medium       0    1  \n",
       "\n",
       "[5 rows x 29 columns]"
      ]
     },
     "execution_count": 331,
     "metadata": {},
     "output_type": "execute_result"
    }
   ],
   "source": [
    "file_path = 'dataset/autos_sin_nan.csv'\n",
    "df = pd.read_csv(file_path)\n",
    "df.head()"
   ]
  },
  {
   "cell_type": "code",
   "execution_count": 332,
   "id": "22d9b41d",
   "metadata": {},
   "outputs": [
    {
     "data": {
      "text/plain": [
       "symboling              int64\n",
       "normalized-losses      int64\n",
       "make                  object\n",
       "aspiration            object\n",
       "num-of-doors          object\n",
       "body-style            object\n",
       "drive-wheels          object\n",
       "engine-location       object\n",
       "wheel-base           float64\n",
       "length               float64\n",
       "width                float64\n",
       "height               float64\n",
       "curb-weight            int64\n",
       "engine-type           object\n",
       "num-of-cylinders      object\n",
       "engine-size            int64\n",
       "fuel-system           object\n",
       "bore                 float64\n",
       "stroke               float64\n",
       "compression-ratio    float64\n",
       "horsepower           float64\n",
       "peak-rpm             float64\n",
       "city-mpg               int64\n",
       "highway-mpg            int64\n",
       "price                float64\n",
       "city-L/100km         float64\n",
       "horsepower-binned     object\n",
       "diesel                 int64\n",
       "gas                    int64\n",
       "dtype: object"
      ]
     },
     "execution_count": 332,
     "metadata": {},
     "output_type": "execute_result"
    }
   ],
   "source": [
    "df.dtypes"
   ]
  },
  {
   "cell_type": "code",
   "execution_count": 333,
   "id": "4083387b",
   "metadata": {},
   "outputs": [
    {
     "data": {
      "text/plain": [
       "symboling            0\n",
       "normalized-losses    0\n",
       "make                 0\n",
       "aspiration           0\n",
       "num-of-doors         0\n",
       "body-style           0\n",
       "drive-wheels         0\n",
       "engine-location      0\n",
       "wheel-base           0\n",
       "length               0\n",
       "width                0\n",
       "height               0\n",
       "curb-weight          0\n",
       "engine-type          0\n",
       "num-of-cylinders     0\n",
       "engine-size          0\n",
       "fuel-system          0\n",
       "bore                 0\n",
       "stroke               4\n",
       "compression-ratio    0\n",
       "horsepower           0\n",
       "peak-rpm             0\n",
       "city-mpg             0\n",
       "highway-mpg          0\n",
       "price                0\n",
       "city-L/100km         0\n",
       "horsepower-binned    1\n",
       "diesel               0\n",
       "gas                  0\n",
       "dtype: int64"
      ]
     },
     "execution_count": 333,
     "metadata": {},
     "output_type": "execute_result"
    }
   ],
   "source": [
    "df.isnull().sum()"
   ]
  },
  {
   "cell_type": "code",
   "execution_count": 334,
   "id": "07268701",
   "metadata": {},
   "outputs": [],
   "source": [
    "df.dropna(axis=0, inplace=True)"
   ]
  },
  {
   "cell_type": "code",
   "execution_count": 335,
   "id": "c8fc56dc",
   "metadata": {},
   "outputs": [
    {
     "data": {
      "text/plain": [
       "symboling            0\n",
       "normalized-losses    0\n",
       "make                 0\n",
       "aspiration           0\n",
       "num-of-doors         0\n",
       "body-style           0\n",
       "drive-wheels         0\n",
       "engine-location      0\n",
       "wheel-base           0\n",
       "length               0\n",
       "width                0\n",
       "height               0\n",
       "curb-weight          0\n",
       "engine-type          0\n",
       "num-of-cylinders     0\n",
       "engine-size          0\n",
       "fuel-system          0\n",
       "bore                 0\n",
       "stroke               0\n",
       "compression-ratio    0\n",
       "horsepower           0\n",
       "peak-rpm             0\n",
       "city-mpg             0\n",
       "highway-mpg          0\n",
       "price                0\n",
       "city-L/100km         0\n",
       "horsepower-binned    0\n",
       "diesel               0\n",
       "gas                  0\n",
       "dtype: int64"
      ]
     },
     "execution_count": 335,
     "metadata": {},
     "output_type": "execute_result"
    }
   ],
   "source": [
    "df.isnull().sum()"
   ]
  },
  {
   "cell_type": "markdown",
   "id": "912cd735",
   "metadata": {},
   "source": [
    "## 1.- Regresión Simple\n",
    "\n",
    "#### Ecuación de regresión simple \n",
    "\n",
    "- $ y = b_0  + b_1x + error $\n",
    "\n",
    "- $ \\hat{y} = b_0  + b_1x$\n",
    "\n",
    "##### Error\n",
    "\n",
    "- $ error = y - \\hat{y} $\n",
    "\n",
    "##### Concluimos\n",
    "- $ y = \\hat{y} + error $"
   ]
  },
  {
   "cell_type": "markdown",
   "id": "2d71e5f1",
   "metadata": {},
   "source": [
    "### Seleccionando variables, hallando matriz de correlación y graficando histogramas"
   ]
  },
  {
   "cell_type": "code",
   "execution_count": 336,
   "id": "7d1bb728",
   "metadata": {},
   "outputs": [
    {
     "data": {
      "text/plain": [
       "['symboling',\n",
       " 'normalized-losses',\n",
       " 'wheel-base',\n",
       " 'length',\n",
       " 'width',\n",
       " 'height',\n",
       " 'curb-weight',\n",
       " 'engine-size',\n",
       " 'bore',\n",
       " 'stroke',\n",
       " 'compression-ratio',\n",
       " 'horsepower',\n",
       " 'peak-rpm',\n",
       " 'city-mpg',\n",
       " 'highway-mpg',\n",
       " 'price',\n",
       " 'city-L/100km',\n",
       " 'diesel',\n",
       " 'gas']"
      ]
     },
     "execution_count": 336,
     "metadata": {},
     "output_type": "execute_result"
    }
   ],
   "source": [
    "v_num = df.select_dtypes([\"float64\", \"int64\"])\n",
    "v_num = list(v_num.columns)\n",
    "v_num"
   ]
  },
  {
   "cell_type": "code",
   "execution_count": 337,
   "id": "a7f5842d",
   "metadata": {},
   "outputs": [
    {
     "data": {
      "text/html": [
       "<div>\n",
       "<style scoped>\n",
       "    .dataframe tbody tr th:only-of-type {\n",
       "        vertical-align: middle;\n",
       "    }\n",
       "\n",
       "    .dataframe tbody tr th {\n",
       "        vertical-align: top;\n",
       "    }\n",
       "\n",
       "    .dataframe thead th {\n",
       "        text-align: right;\n",
       "    }\n",
       "</style>\n",
       "<table border=\"1\" class=\"dataframe\">\n",
       "  <thead>\n",
       "    <tr style=\"text-align: right;\">\n",
       "      <th></th>\n",
       "      <th>symboling</th>\n",
       "      <th>normalized-losses</th>\n",
       "      <th>wheel-base</th>\n",
       "      <th>length</th>\n",
       "      <th>width</th>\n",
       "      <th>height</th>\n",
       "      <th>curb-weight</th>\n",
       "      <th>engine-size</th>\n",
       "      <th>bore</th>\n",
       "      <th>stroke</th>\n",
       "      <th>compression-ratio</th>\n",
       "      <th>horsepower</th>\n",
       "      <th>peak-rpm</th>\n",
       "      <th>city-mpg</th>\n",
       "      <th>highway-mpg</th>\n",
       "      <th>price</th>\n",
       "      <th>city-L/100km</th>\n",
       "      <th>diesel</th>\n",
       "      <th>gas</th>\n",
       "    </tr>\n",
       "  </thead>\n",
       "  <tbody>\n",
       "    <tr>\n",
       "      <th>symboling</th>\n",
       "      <td>1.000000</td>\n",
       "      <td>0.453423</td>\n",
       "      <td>-0.533112</td>\n",
       "      <td>-0.359883</td>\n",
       "      <td>-0.242821</td>\n",
       "      <td>-0.539407</td>\n",
       "      <td>-0.226121</td>\n",
       "      <td>-0.055329</td>\n",
       "      <td>-0.142125</td>\n",
       "      <td>-0.013520</td>\n",
       "      <td>-0.180275</td>\n",
       "      <td>0.090778</td>\n",
       "      <td>0.229436</td>\n",
       "      <td>0.004688</td>\n",
       "      <td>0.073359</td>\n",
       "      <td>-0.076420</td>\n",
       "      <td>0.021612</td>\n",
       "      <td>-0.192544</td>\n",
       "      <td>0.192544</td>\n",
       "    </tr>\n",
       "    <tr>\n",
       "      <th>normalized-losses</th>\n",
       "      <td>0.453423</td>\n",
       "      <td>1.000000</td>\n",
       "      <td>-0.046971</td>\n",
       "      <td>0.027234</td>\n",
       "      <td>0.090056</td>\n",
       "      <td>-0.362499</td>\n",
       "      <td>0.107034</td>\n",
       "      <td>0.147862</td>\n",
       "      <td>-0.030152</td>\n",
       "      <td>0.056054</td>\n",
       "      <td>-0.112288</td>\n",
       "      <td>0.226654</td>\n",
       "      <td>0.215903</td>\n",
       "      <td>-0.208695</td>\n",
       "      <td>-0.166772</td>\n",
       "      <td>0.138183</td>\n",
       "      <td>0.223308</td>\n",
       "      <td>-0.096487</td>\n",
       "      <td>0.096487</td>\n",
       "    </tr>\n",
       "    <tr>\n",
       "      <th>wheel-base</th>\n",
       "      <td>-0.533112</td>\n",
       "      <td>-0.046971</td>\n",
       "      <td>1.000000</td>\n",
       "      <td>0.876945</td>\n",
       "      <td>0.821427</td>\n",
       "      <td>0.607417</td>\n",
       "      <td>0.790205</td>\n",
       "      <td>0.592517</td>\n",
       "      <td>0.493941</td>\n",
       "      <td>0.163725</td>\n",
       "      <td>0.248383</td>\n",
       "      <td>0.381984</td>\n",
       "      <td>-0.351925</td>\n",
       "      <td>-0.496565</td>\n",
       "      <td>-0.566948</td>\n",
       "      <td>0.591956</td>\n",
       "      <td>0.517050</td>\n",
       "      <td>0.305889</td>\n",
       "      <td>-0.305889</td>\n",
       "    </tr>\n",
       "    <tr>\n",
       "      <th>length</th>\n",
       "      <td>-0.359883</td>\n",
       "      <td>0.027234</td>\n",
       "      <td>0.876945</td>\n",
       "      <td>1.000000</td>\n",
       "      <td>0.857249</td>\n",
       "      <td>0.522367</td>\n",
       "      <td>0.882091</td>\n",
       "      <td>0.698626</td>\n",
       "      <td>0.608496</td>\n",
       "      <td>0.136850</td>\n",
       "      <td>0.156926</td>\n",
       "      <td>0.583073</td>\n",
       "      <td>-0.280397</td>\n",
       "      <td>-0.686142</td>\n",
       "      <td>-0.715124</td>\n",
       "      <td>0.689466</td>\n",
       "      <td>0.690579</td>\n",
       "      <td>0.212484</td>\n",
       "      <td>-0.212484</td>\n",
       "    </tr>\n",
       "    <tr>\n",
       "      <th>width</th>\n",
       "      <td>-0.242821</td>\n",
       "      <td>0.090056</td>\n",
       "      <td>0.821427</td>\n",
       "      <td>0.857249</td>\n",
       "      <td>1.000000</td>\n",
       "      <td>0.351127</td>\n",
       "      <td>0.862835</td>\n",
       "      <td>0.739543</td>\n",
       "      <td>0.543859</td>\n",
       "      <td>0.210495</td>\n",
       "      <td>0.188331</td>\n",
       "      <td>0.604099</td>\n",
       "      <td>-0.252116</td>\n",
       "      <td>-0.639692</td>\n",
       "      <td>-0.684550</td>\n",
       "      <td>0.744176</td>\n",
       "      <td>0.685663</td>\n",
       "      <td>0.251112</td>\n",
       "      <td>-0.251112</td>\n",
       "    </tr>\n",
       "    <tr>\n",
       "      <th>height</th>\n",
       "      <td>-0.539407</td>\n",
       "      <td>-0.362499</td>\n",
       "      <td>0.607417</td>\n",
       "      <td>0.522367</td>\n",
       "      <td>0.351127</td>\n",
       "      <td>1.000000</td>\n",
       "      <td>0.354085</td>\n",
       "      <td>0.100518</td>\n",
       "      <td>0.199490</td>\n",
       "      <td>-0.084755</td>\n",
       "      <td>0.269773</td>\n",
       "      <td>-0.031489</td>\n",
       "      <td>-0.270020</td>\n",
       "      <td>-0.128523</td>\n",
       "      <td>-0.181670</td>\n",
       "      <td>0.182407</td>\n",
       "      <td>0.111120</td>\n",
       "      <td>0.279063</td>\n",
       "      <td>-0.279063</td>\n",
       "    </tr>\n",
       "    <tr>\n",
       "      <th>curb-weight</th>\n",
       "      <td>-0.226121</td>\n",
       "      <td>0.107034</td>\n",
       "      <td>0.790205</td>\n",
       "      <td>0.882091</td>\n",
       "      <td>0.862835</td>\n",
       "      <td>0.354085</td>\n",
       "      <td>1.000000</td>\n",
       "      <td>0.858968</td>\n",
       "      <td>0.646918</td>\n",
       "      <td>0.193575</td>\n",
       "      <td>0.153952</td>\n",
       "      <td>0.750749</td>\n",
       "      <td>-0.281231</td>\n",
       "      <td>-0.766146</td>\n",
       "      <td>-0.808146</td>\n",
       "      <td>0.828483</td>\n",
       "      <td>0.809512</td>\n",
       "      <td>0.228445</td>\n",
       "      <td>-0.228445</td>\n",
       "    </tr>\n",
       "    <tr>\n",
       "      <th>engine-size</th>\n",
       "      <td>-0.055329</td>\n",
       "      <td>0.147862</td>\n",
       "      <td>0.592517</td>\n",
       "      <td>0.698626</td>\n",
       "      <td>0.739543</td>\n",
       "      <td>0.100518</td>\n",
       "      <td>0.858968</td>\n",
       "      <td>1.000000</td>\n",
       "      <td>0.601384</td>\n",
       "      <td>0.265626</td>\n",
       "      <td>0.017246</td>\n",
       "      <td>0.825377</td>\n",
       "      <td>-0.227577</td>\n",
       "      <td>-0.712693</td>\n",
       "      <td>-0.734062</td>\n",
       "      <td>0.889265</td>\n",
       "      <td>0.814696</td>\n",
       "      <td>0.076032</td>\n",
       "      <td>-0.076032</td>\n",
       "    </tr>\n",
       "    <tr>\n",
       "      <th>bore</th>\n",
       "      <td>-0.142125</td>\n",
       "      <td>-0.030152</td>\n",
       "      <td>0.493941</td>\n",
       "      <td>0.608496</td>\n",
       "      <td>0.543859</td>\n",
       "      <td>0.199490</td>\n",
       "      <td>0.646918</td>\n",
       "      <td>0.601384</td>\n",
       "      <td>1.000000</td>\n",
       "      <td>-0.049606</td>\n",
       "      <td>-0.000044</td>\n",
       "      <td>0.579114</td>\n",
       "      <td>-0.276668</td>\n",
       "      <td>-0.591597</td>\n",
       "      <td>-0.598455</td>\n",
       "      <td>0.544375</td>\n",
       "      <td>0.574286</td>\n",
       "      <td>0.055927</td>\n",
       "      <td>-0.055927</td>\n",
       "    </tr>\n",
       "    <tr>\n",
       "      <th>stroke</th>\n",
       "      <td>-0.013520</td>\n",
       "      <td>0.056054</td>\n",
       "      <td>0.163725</td>\n",
       "      <td>0.136850</td>\n",
       "      <td>0.210495</td>\n",
       "      <td>-0.084755</td>\n",
       "      <td>0.193575</td>\n",
       "      <td>0.265626</td>\n",
       "      <td>-0.049606</td>\n",
       "      <td>1.000000</td>\n",
       "      <td>0.191776</td>\n",
       "      <td>0.139409</td>\n",
       "      <td>-0.067852</td>\n",
       "      <td>-0.050971</td>\n",
       "      <td>-0.052345</td>\n",
       "      <td>0.107893</td>\n",
       "      <td>0.065893</td>\n",
       "      <td>0.240193</td>\n",
       "      <td>-0.240193</td>\n",
       "    </tr>\n",
       "    <tr>\n",
       "      <th>compression-ratio</th>\n",
       "      <td>-0.180275</td>\n",
       "      <td>-0.112288</td>\n",
       "      <td>0.248383</td>\n",
       "      <td>0.156926</td>\n",
       "      <td>0.188331</td>\n",
       "      <td>0.269773</td>\n",
       "      <td>0.153952</td>\n",
       "      <td>0.017246</td>\n",
       "      <td>-0.000044</td>\n",
       "      <td>0.191776</td>\n",
       "      <td>1.000000</td>\n",
       "      <td>-0.232284</td>\n",
       "      <td>-0.444291</td>\n",
       "      <td>0.338958</td>\n",
       "      <td>0.274085</td>\n",
       "      <td>0.067759</td>\n",
       "      <td>-0.315942</td>\n",
       "      <td>0.986527</td>\n",
       "      <td>-0.986527</td>\n",
       "    </tr>\n",
       "    <tr>\n",
       "      <th>horsepower</th>\n",
       "      <td>0.090778</td>\n",
       "      <td>0.226654</td>\n",
       "      <td>0.381984</td>\n",
       "      <td>0.583073</td>\n",
       "      <td>0.604099</td>\n",
       "      <td>-0.031489</td>\n",
       "      <td>0.750749</td>\n",
       "      <td>0.825377</td>\n",
       "      <td>0.579114</td>\n",
       "      <td>0.139409</td>\n",
       "      <td>-0.232284</td>\n",
       "      <td>1.000000</td>\n",
       "      <td>0.115695</td>\n",
       "      <td>-0.838567</td>\n",
       "      <td>-0.815187</td>\n",
       "      <td>0.802040</td>\n",
       "      <td>0.904611</td>\n",
       "      <td>-0.169128</td>\n",
       "      <td>0.169128</td>\n",
       "    </tr>\n",
       "    <tr>\n",
       "      <th>peak-rpm</th>\n",
       "      <td>0.229436</td>\n",
       "      <td>0.215903</td>\n",
       "      <td>-0.351925</td>\n",
       "      <td>-0.280397</td>\n",
       "      <td>-0.252116</td>\n",
       "      <td>-0.270020</td>\n",
       "      <td>-0.281231</td>\n",
       "      <td>-0.227577</td>\n",
       "      <td>-0.276668</td>\n",
       "      <td>-0.067852</td>\n",
       "      <td>-0.444291</td>\n",
       "      <td>0.115695</td>\n",
       "      <td>1.000000</td>\n",
       "      <td>-0.072490</td>\n",
       "      <td>-0.019383</td>\n",
       "      <td>-0.103535</td>\n",
       "      <td>0.064035</td>\n",
       "      <td>-0.481419</td>\n",
       "      <td>0.481419</td>\n",
       "    </tr>\n",
       "    <tr>\n",
       "      <th>city-mpg</th>\n",
       "      <td>0.004688</td>\n",
       "      <td>-0.208695</td>\n",
       "      <td>-0.496565</td>\n",
       "      <td>-0.686142</td>\n",
       "      <td>-0.639692</td>\n",
       "      <td>-0.128523</td>\n",
       "      <td>-0.766146</td>\n",
       "      <td>-0.712693</td>\n",
       "      <td>-0.591597</td>\n",
       "      <td>-0.050971</td>\n",
       "      <td>0.338958</td>\n",
       "      <td>-0.838567</td>\n",
       "      <td>-0.072490</td>\n",
       "      <td>1.000000</td>\n",
       "      <td>0.971016</td>\n",
       "      <td>-0.692550</td>\n",
       "      <td>-0.951563</td>\n",
       "      <td>0.261005</td>\n",
       "      <td>-0.261005</td>\n",
       "    </tr>\n",
       "    <tr>\n",
       "      <th>highway-mpg</th>\n",
       "      <td>0.073359</td>\n",
       "      <td>-0.166772</td>\n",
       "      <td>-0.566948</td>\n",
       "      <td>-0.715124</td>\n",
       "      <td>-0.684550</td>\n",
       "      <td>-0.181670</td>\n",
       "      <td>-0.808146</td>\n",
       "      <td>-0.734062</td>\n",
       "      <td>-0.598455</td>\n",
       "      <td>-0.052345</td>\n",
       "      <td>0.274085</td>\n",
       "      <td>-0.815187</td>\n",
       "      <td>-0.019383</td>\n",
       "      <td>0.971016</td>\n",
       "      <td>1.000000</td>\n",
       "      <td>-0.707466</td>\n",
       "      <td>-0.931565</td>\n",
       "      <td>0.192416</td>\n",
       "      <td>-0.192416</td>\n",
       "    </tr>\n",
       "    <tr>\n",
       "      <th>price</th>\n",
       "      <td>-0.076420</td>\n",
       "      <td>0.138183</td>\n",
       "      <td>0.591956</td>\n",
       "      <td>0.689466</td>\n",
       "      <td>0.744176</td>\n",
       "      <td>0.182407</td>\n",
       "      <td>0.828483</td>\n",
       "      <td>0.889265</td>\n",
       "      <td>0.544375</td>\n",
       "      <td>0.107893</td>\n",
       "      <td>0.067759</td>\n",
       "      <td>0.802040</td>\n",
       "      <td>-0.103535</td>\n",
       "      <td>-0.692550</td>\n",
       "      <td>-0.707466</td>\n",
       "      <td>1.000000</td>\n",
       "      <td>0.803669</td>\n",
       "      <td>0.117725</td>\n",
       "      <td>-0.117725</td>\n",
       "    </tr>\n",
       "    <tr>\n",
       "      <th>city-L/100km</th>\n",
       "      <td>0.021612</td>\n",
       "      <td>0.223308</td>\n",
       "      <td>0.517050</td>\n",
       "      <td>0.690579</td>\n",
       "      <td>0.685663</td>\n",
       "      <td>0.111120</td>\n",
       "      <td>0.809512</td>\n",
       "      <td>0.814696</td>\n",
       "      <td>0.574286</td>\n",
       "      <td>0.065893</td>\n",
       "      <td>-0.315942</td>\n",
       "      <td>0.904611</td>\n",
       "      <td>0.064035</td>\n",
       "      <td>-0.951563</td>\n",
       "      <td>-0.931565</td>\n",
       "      <td>0.803669</td>\n",
       "      <td>1.000000</td>\n",
       "      <td>-0.238199</td>\n",
       "      <td>0.238199</td>\n",
       "    </tr>\n",
       "    <tr>\n",
       "      <th>diesel</th>\n",
       "      <td>-0.192544</td>\n",
       "      <td>-0.096487</td>\n",
       "      <td>0.305889</td>\n",
       "      <td>0.212484</td>\n",
       "      <td>0.251112</td>\n",
       "      <td>0.279063</td>\n",
       "      <td>0.228445</td>\n",
       "      <td>0.076032</td>\n",
       "      <td>0.055927</td>\n",
       "      <td>0.240193</td>\n",
       "      <td>0.986527</td>\n",
       "      <td>-0.169128</td>\n",
       "      <td>-0.481419</td>\n",
       "      <td>0.261005</td>\n",
       "      <td>0.192416</td>\n",
       "      <td>0.117725</td>\n",
       "      <td>-0.238199</td>\n",
       "      <td>1.000000</td>\n",
       "      <td>-1.000000</td>\n",
       "    </tr>\n",
       "    <tr>\n",
       "      <th>gas</th>\n",
       "      <td>0.192544</td>\n",
       "      <td>0.096487</td>\n",
       "      <td>-0.305889</td>\n",
       "      <td>-0.212484</td>\n",
       "      <td>-0.251112</td>\n",
       "      <td>-0.279063</td>\n",
       "      <td>-0.228445</td>\n",
       "      <td>-0.076032</td>\n",
       "      <td>-0.055927</td>\n",
       "      <td>-0.240193</td>\n",
       "      <td>-0.986527</td>\n",
       "      <td>0.169128</td>\n",
       "      <td>0.481419</td>\n",
       "      <td>-0.261005</td>\n",
       "      <td>-0.192416</td>\n",
       "      <td>-0.117725</td>\n",
       "      <td>0.238199</td>\n",
       "      <td>-1.000000</td>\n",
       "      <td>1.000000</td>\n",
       "    </tr>\n",
       "  </tbody>\n",
       "</table>\n",
       "</div>"
      ],
      "text/plain": [
       "                   symboling  normalized-losses  wheel-base    length  \\\n",
       "symboling           1.000000           0.453423   -0.533112 -0.359883   \n",
       "normalized-losses   0.453423           1.000000   -0.046971  0.027234   \n",
       "wheel-base         -0.533112          -0.046971    1.000000  0.876945   \n",
       "length             -0.359883           0.027234    0.876945  1.000000   \n",
       "width              -0.242821           0.090056    0.821427  0.857249   \n",
       "height             -0.539407          -0.362499    0.607417  0.522367   \n",
       "curb-weight        -0.226121           0.107034    0.790205  0.882091   \n",
       "engine-size        -0.055329           0.147862    0.592517  0.698626   \n",
       "bore               -0.142125          -0.030152    0.493941  0.608496   \n",
       "stroke             -0.013520           0.056054    0.163725  0.136850   \n",
       "compression-ratio  -0.180275          -0.112288    0.248383  0.156926   \n",
       "horsepower          0.090778           0.226654    0.381984  0.583073   \n",
       "peak-rpm            0.229436           0.215903   -0.351925 -0.280397   \n",
       "city-mpg            0.004688          -0.208695   -0.496565 -0.686142   \n",
       "highway-mpg         0.073359          -0.166772   -0.566948 -0.715124   \n",
       "price              -0.076420           0.138183    0.591956  0.689466   \n",
       "city-L/100km        0.021612           0.223308    0.517050  0.690579   \n",
       "diesel             -0.192544          -0.096487    0.305889  0.212484   \n",
       "gas                 0.192544           0.096487   -0.305889 -0.212484   \n",
       "\n",
       "                      width    height  curb-weight  engine-size      bore  \\\n",
       "symboling         -0.242821 -0.539407    -0.226121    -0.055329 -0.142125   \n",
       "normalized-losses  0.090056 -0.362499     0.107034     0.147862 -0.030152   \n",
       "wheel-base         0.821427  0.607417     0.790205     0.592517  0.493941   \n",
       "length             0.857249  0.522367     0.882091     0.698626  0.608496   \n",
       "width              1.000000  0.351127     0.862835     0.739543  0.543859   \n",
       "height             0.351127  1.000000     0.354085     0.100518  0.199490   \n",
       "curb-weight        0.862835  0.354085     1.000000     0.858968  0.646918   \n",
       "engine-size        0.739543  0.100518     0.858968     1.000000  0.601384   \n",
       "bore               0.543859  0.199490     0.646918     0.601384  1.000000   \n",
       "stroke             0.210495 -0.084755     0.193575     0.265626 -0.049606   \n",
       "compression-ratio  0.188331  0.269773     0.153952     0.017246 -0.000044   \n",
       "horsepower         0.604099 -0.031489     0.750749     0.825377  0.579114   \n",
       "peak-rpm          -0.252116 -0.270020    -0.281231    -0.227577 -0.276668   \n",
       "city-mpg          -0.639692 -0.128523    -0.766146    -0.712693 -0.591597   \n",
       "highway-mpg       -0.684550 -0.181670    -0.808146    -0.734062 -0.598455   \n",
       "price              0.744176  0.182407     0.828483     0.889265  0.544375   \n",
       "city-L/100km       0.685663  0.111120     0.809512     0.814696  0.574286   \n",
       "diesel             0.251112  0.279063     0.228445     0.076032  0.055927   \n",
       "gas               -0.251112 -0.279063    -0.228445    -0.076032 -0.055927   \n",
       "\n",
       "                     stroke  compression-ratio  horsepower  peak-rpm  \\\n",
       "symboling         -0.013520          -0.180275    0.090778  0.229436   \n",
       "normalized-losses  0.056054          -0.112288    0.226654  0.215903   \n",
       "wheel-base         0.163725           0.248383    0.381984 -0.351925   \n",
       "length             0.136850           0.156926    0.583073 -0.280397   \n",
       "width              0.210495           0.188331    0.604099 -0.252116   \n",
       "height            -0.084755           0.269773   -0.031489 -0.270020   \n",
       "curb-weight        0.193575           0.153952    0.750749 -0.281231   \n",
       "engine-size        0.265626           0.017246    0.825377 -0.227577   \n",
       "bore              -0.049606          -0.000044    0.579114 -0.276668   \n",
       "stroke             1.000000           0.191776    0.139409 -0.067852   \n",
       "compression-ratio  0.191776           1.000000   -0.232284 -0.444291   \n",
       "horsepower         0.139409          -0.232284    1.000000  0.115695   \n",
       "peak-rpm          -0.067852          -0.444291    0.115695  1.000000   \n",
       "city-mpg          -0.050971           0.338958   -0.838567 -0.072490   \n",
       "highway-mpg       -0.052345           0.274085   -0.815187 -0.019383   \n",
       "price              0.107893           0.067759    0.802040 -0.103535   \n",
       "city-L/100km       0.065893          -0.315942    0.904611  0.064035   \n",
       "diesel             0.240193           0.986527   -0.169128 -0.481419   \n",
       "gas               -0.240193          -0.986527    0.169128  0.481419   \n",
       "\n",
       "                   city-mpg  highway-mpg     price  city-L/100km    diesel  \\\n",
       "symboling          0.004688     0.073359 -0.076420      0.021612 -0.192544   \n",
       "normalized-losses -0.208695    -0.166772  0.138183      0.223308 -0.096487   \n",
       "wheel-base        -0.496565    -0.566948  0.591956      0.517050  0.305889   \n",
       "length            -0.686142    -0.715124  0.689466      0.690579  0.212484   \n",
       "width             -0.639692    -0.684550  0.744176      0.685663  0.251112   \n",
       "height            -0.128523    -0.181670  0.182407      0.111120  0.279063   \n",
       "curb-weight       -0.766146    -0.808146  0.828483      0.809512  0.228445   \n",
       "engine-size       -0.712693    -0.734062  0.889265      0.814696  0.076032   \n",
       "bore              -0.591597    -0.598455  0.544375      0.574286  0.055927   \n",
       "stroke            -0.050971    -0.052345  0.107893      0.065893  0.240193   \n",
       "compression-ratio  0.338958     0.274085  0.067759     -0.315942  0.986527   \n",
       "horsepower        -0.838567    -0.815187  0.802040      0.904611 -0.169128   \n",
       "peak-rpm          -0.072490    -0.019383 -0.103535      0.064035 -0.481419   \n",
       "city-mpg           1.000000     0.971016 -0.692550     -0.951563  0.261005   \n",
       "highway-mpg        0.971016     1.000000 -0.707466     -0.931565  0.192416   \n",
       "price             -0.692550    -0.707466  1.000000      0.803669  0.117725   \n",
       "city-L/100km      -0.951563    -0.931565  0.803669      1.000000 -0.238199   \n",
       "diesel             0.261005     0.192416  0.117725     -0.238199  1.000000   \n",
       "gas               -0.261005    -0.192416 -0.117725      0.238199 -1.000000   \n",
       "\n",
       "                        gas  \n",
       "symboling          0.192544  \n",
       "normalized-losses  0.096487  \n",
       "wheel-base        -0.305889  \n",
       "length            -0.212484  \n",
       "width             -0.251112  \n",
       "height            -0.279063  \n",
       "curb-weight       -0.228445  \n",
       "engine-size       -0.076032  \n",
       "bore              -0.055927  \n",
       "stroke            -0.240193  \n",
       "compression-ratio -0.986527  \n",
       "horsepower         0.169128  \n",
       "peak-rpm           0.481419  \n",
       "city-mpg          -0.261005  \n",
       "highway-mpg       -0.192416  \n",
       "price             -0.117725  \n",
       "city-L/100km       0.238199  \n",
       "diesel            -1.000000  \n",
       "gas                1.000000  "
      ]
     },
     "execution_count": 337,
     "metadata": {},
     "output_type": "execute_result"
    }
   ],
   "source": [
    "df[v_num].corr()"
   ]
  },
  {
   "cell_type": "code",
   "execution_count": 338,
   "id": "c7242893",
   "metadata": {},
   "outputs": [
    {
     "data": {
